osu file format v14

[General]
AudioFilename: audio.mp3
AudioLeadIn: 0
PreviewTime: -1
Countdown: 1
SampleSet: Normal
StackLeniency: 0.7
Mode: 3
LetterboxInBreaks: 0
SpecialStyle: 0
WidescreenStoryboard: 0

[Editor]
DistanceSpacing: 1.5
BeatDivisor: 4
GridSize: 4
TimelineZoom: 1

[Metadata]
Title:
TitleUnicode:四月は君の嘘
Artist:
ArtistUnicode:横山克
Creator:MonSoonRain
Version:Easy
Source:
Tags:
BeatmapID:0
BeatmapSetID:-1

[Difficulty]
HPDrainRate:5
CircleSize:4
OverallDifficulty:5
ApproachRate:5
SliderMultiplier:1.1
SliderTickRate:2

[Events]
//Background and Video events
//Break Periods
//Storyboard Layer 0 (Background)
//Storyboard Layer 1 (Fail)
//Storyboard Layer 2 (Pass)
//Storyboard Layer 3 (Foreground)
//Storyboard Sound Samples

[TimingPoints]
381,517.241379310345,4,1,0,100,1,0


[HitObjects]
320,192,381,128,0,1415:0:0:0:0:
448,192,381,128,0,1415:0:0:0:0:
192,192,2191,128,0,3355:0:0:0:0:
64,192,2191,128,0,3355:0:0:0:0:
320,192,4518,128,0,5553:0:0:0:0:
448,192,4518,128,0,5553:0:0:0:0:
192,192,6199,128,0,6846:0:0:0:0:
64,192,6199,128,0,6846:0:0:0:0:
320,192,7622,128,0,8010:0:0:0:0:
448,192,7622,128,0,8010:0:0:0:0:
192,192,8139,128,0,8398:0:0:0:0:
64,192,8139,128,0,8398:0:0:0:0:
320,192,8656,128,0,9691:0:0:0:0:
448,192,8656,128,0,9691:0:0:0:0:
192,192,10467,128,0,11631:0:0:0:0:
64,192,10467,128,0,11631:0:0:0:0:
320,192,12794,128,0,13182:0:0:0:0:
192,192,12794,128,0,13182:0:0:0:0:
320,192,13829,1,0,0:0:0:0:
192,192,14087,1,0,0:0:0:0:
448,192,14346,1,0,0:0:0:0:
320,192,14605,1,0,0:0:0:0:
64,192,15122,1,0,0:0:0:0:
64,192,15381,1,0,0:0:0:0:
192,192,15639,1,0,0:0:0:0:
192,192,15898,1,0,0:0:0:0:
320,192,16156,1,0,0:0:0:0:
320,192,16415,1,0,0:0:0:0:
448,192,16674,1,0,0:0:0:0:
448,192,16932,128,0,17449:0:0:0:0:
320,192,17449,1,0,0:0:0:0:
320,192,17967,128,0,18484:0:0:0:0:
192,192,18484,1,0,0:0:0:0:
192,192,19001,128,0,19518:0:0:0:0:
64,192,19518,1,0,0:0:0:0:
320,192,20036,128,0,20553:0:0:0:0:
192,192,20553,1,0,0:0:0:0:
448,192,21070,128,0,21587:0:0:0:0:
320,192,21587,1,0,0:0:0:0:
320,192,22105,128,0,22622:0:0:0:0:
192,192,22622,1,0,0:0:0:0:
192,192,23139,128,0,23656:0:0:0:0:
64,192,23656,1,0,0:0:0:0:
192,192,24174,1,0,0:0:0:0:
320,192,24174,1,0,0:0:0:0:
320,192,24691,1,0,0:0:0:0:
448,192,24691,1,0,0:0:0:0:
448,192,25208,128,0,25725:0:0:0:0:
320,192,25725,1,0,0:0:0:0:
320,192,26243,128,0,26760:0:0:0:0:
192,192,26760,1,0,0:0:0:0:
192,192,27277,128,0,27794:0:0:0:0:
64,192,27794,1,0,0:0:0:0:
64,192,28312,1,0,0:0:0:0:
192,192,28829,1,0,0:0:0:0:
448,192,29346,128,0,29863:0:0:0:0:
320,192,29863,1,0,0:0:0:0:
64,192,30381,128,0,30898:0:0:0:0:
192,192,30898,1,0,0:0:0:0:
320,192,31415,128,0,31932:0:0:0:0:
192,192,31932,1,0,0:0:0:0:
192,192,32449,128,0,32967:0:0:0:0:
320,192,32967,1,0,0:0:0:0:
320,192,33484,128,0,34260:0:0:0:0:
192,192,33484,128,0,34260:0:0:0:0:
192,192,35553,128,0,36587:0:0:0:0:
64,192,35553,128,0,36587:0:0:0:0:
192,192,37622,1,0,0:0:0:0:
320,192,38656,1,0,0:0:0:0:
320,192,39691,1,0,0:0:0:0:
448,192,40725,1,0,0:0:0:0:
320,192,40725,1,0,0:0:0:0:
192,192,41113,1,0,0:0:0:0:
320,192,41113,1,0,0:0:0:0:
192,192,41501,1,0,0:0:0:0:
64,192,41501,1,0,0:0:0:0:
64,192,41760,128,0,42536:0:0:0:0:
192,192,41760,128,0,42536:0:0:0:0:
320,192,41760,128,0,42536:0:0:0:0:
448,192,42536,1,0,0:0:0:0:
448,192,43053,1,0,0:0:0:0:
320,192,43312,1,0,0:0:0:0:
448,192,43570,1,0,0:0:0:0:
448,192,43829,128,0,44346:0:0:0:0:
192,192,44605,1,0,0:0:0:0:
192,192,44863,1,0,0:0:0:0:
64,192,45898,128,0,46415:0:0:0:0:
192,192,46415,1,0,0:0:0:0:
192,192,46932,128,0,47449:0:0:0:0:
320,192,47449,1,0,0:0:0:0:
320,192,47967,128,0,48484:0:0:0:0:
448,192,48484,1,0,0:0:0:0:
448,192,49001,128,0,49518:0:0:0:0:
320,192,49518,1,0,0:0:0:0:
64,192,50036,128,0,50553:0:0:0:0:
192,192,50036,128,0,50553:0:0:0:0:
192,192,50812,128,0,51199:0:0:0:0:
320,192,51587,1,0,0:0:0:0:
192,192,52105,128,0,52622:0:0:0:0:
64,192,52105,128,0,52622:0:0:0:0:
192,192,52881,128,0,53268:0:0:0:0:
320,192,53656,1,0,0:0:0:0:
320,192,54174,128,0,54691:0:0:0:0:
192,192,54174,128,0,54691:0:0:0:0:
448,192,54949,128,0,55337:0:0:0:0:
320,192,55725,1,0,0:0:0:0:
192,192,56243,128,0,56760:0:0:0:0:
320,192,56243,128,0,56760:0:0:0:0:
64,192,57018,1,0,0:0:0:0:
64,192,57794,1,0,0:0:0:0:
64,192,58312,128,0,58829:0:0:0:0:
192,192,58312,128,0,58829:0:0:0:0:
192,192,59087,128,0,59475:0:0:0:0:
320,192,59863,1,0,0:0:0:0:
64,192,60381,128,0,60898:0:0:0:0:
192,192,60381,128,0,60898:0:0:0:0:
192,192,61156,128,0,61544:0:0:0:0:
320,192,61932,1,0,0:0:0:0:
320,192,62449,128,0,62967:0:0:0:0:
192,192,62449,128,0,62967:0:0:0:0:
320,192,63225,128,0,63743:0:0:0:0:
448,192,64001,1,0,0:0:0:0:
448,192,64518,128,0,65036:0:0:0:0:
320,192,65294,128,0,66070:0:0:0:0:
192,192,65294,128,0,66070:0:0:0:0:
192,192,66587,128,0,67105:0:0:0:0:
64,192,66587,128,0,67105:0:0:0:0:
192,192,67363,128,0,67751:0:0:0:0:
320,192,68139,1,0,0:0:0:0:
192,192,68656,128,0,69174:0:0:0:0:
64,192,68656,128,0,69174:0:0:0:0:
192,192,69432,128,0,69820:0:0:0:0:
320,192,70208,1,0,0:0:0:0:
320,192,70725,128,0,71243:0:0:0:0:
192,192,70725,128,0,71243:0:0:0:0:
448,192,71501,128,0,71889:0:0:0:0:
320,192,72277,1,0,0:0:0:0:
320,192,72794,128,0,73312:0:0:0:0:
192,192,72794,128,0,73312:0:0:0:0:
64,192,73570,1,0,0:0:0:0:
64,192,74346,1,0,0:0:0:0:
192,192,74863,128,0,75381:0:0:0:0:
64,192,74863,128,0,75381:0:0:0:0:
192,192,75639,128,0,76027:0:0:0:0:
320,192,76415,1,0,0:0:0:0:
192,192,76932,128,0,77449:0:0:0:0:
64,192,76932,128,0,77449:0:0:0:0:
192,192,77708,128,0,78096:0:0:0:0:
320,192,78484,1,0,0:0:0:0:
448,192,79001,128,0,79518:0:0:0:0:
320,192,79001,128,0,79518:0:0:0:0:
320,192,80036,128,0,80553:0:0:0:0:
192,192,80036,128,0,80553:0:0:0:0:
448,192,81070,128,0,82622:0:0:0:0:
448,192,83139,1,0,0:0:0:0:
320,192,83398,1,0,0:0:0:0:
192,192,83656,1,0,0:0:0:0:
320,192,83915,1,0,0:0:0:0:
192,192,84174,1,0,0:0:0:0:
64,192,84432,1,0,0:0:0:0:
192,192,84691,1,0,0:0:0:0:
64,192,84949,1,0,0:0:0:0:
192,192,85208,1,0,0:0:0:0:
64,192,85467,1,0,0:0:0:0:
192,192,85725,1,0,0:0:0:0:
320,192,85984,1,0,0:0:0:0:
192,192,86243,1,0,0:0:0:0:
320,192,86501,1,0,0:0:0:0:
448,192,86760,1,0,0:0:0:0:
320,192,87018,1,0,0:0:0:0:
448,192,87277,1,0,0:0:0:0:
320,192,87536,1,0,0:0:0:0:
192,192,87794,1,0,0:0:0:0:
320,192,88053,1,0,0:0:0:0:
192,192,88312,1,0,0:0:0:0:
64,192,88570,1,0,0:0:0:0:
192,192,88829,1,0,0:0:0:0:
64,192,89087,1,0,0:0:0:0:
192,192,89475,1,0,0:0:0:0:
320,192,89734,1,0,0:0:0:0:
192,192,89993,1,0,0:0:0:0:
320,192,90251,1,0,0:0:0:0:
448,192,90510,1,0,0:0:0:0:
320,192,90898,1,0,0:0:0:0:
192,192,91156,1,0,0:0:0:0:
64,192,91415,1,0,0:0:0:0:
192,192,91803,128,0,92708:0:0:0:0:
320,192,91803,128,0,92708:0:0:0:0:
64,192,94389,128,0,95682:0:0:0:0:
192,192,94389,128,0,95682:0:0:0:0:
320,192,95682,1,0,0:0:0:0:
192,192,96975,1,0,0:0:0:0:
64,192,98268,1,0,0:0:0:0:
