l 320 192 381 1415
l 448 192 381 1415
l 192 192 2191 3355
l 64 192 2191 3355
l 320 192 4518 5553
l 448 192 4518 5553
l 192 192 6199 6846
l 64 192 6199 6846
l 320 192 7622 8010
l 448 192 7622 8010
l 192 192 8139 8398
l 64 192 8139 8398
l 320 192 8656 9691
l 448 192 8656 9691
l 192 192 10467 11631
l 64 192 10467 11631
l 320 192 12794 13182
l 192 192 12794 13182
s 320 192 13829
s 192 192 14087
s 448 192 14346
s 320 192 14605
s 64 192 15122
s 64 192 15381
s 192 192 15639
s 192 192 15898
s 320 192 16156
s 320 192 16415
s 448 192 16674
l 448 192 16932 17449
s 320 192 17449
l 320 192 17967 18484
s 192 192 18484
l 192 192 19001 19518
s 64 192 19518
l 320 192 20036 20553
s 192 192 20553
l 448 192 21070 21587
s 320 192 21587
l 320 192 22105 22622
s 192 192 22622
l 192 192 23139 23656
s 64 192 23656
s 192 192 24174
s 320 192 24174
s 320 192 24691
s 448 192 24691
l 448 192 25208 25725
s 320 192 25725
l 320 192 26243 26760
s 192 192 26760
l 192 192 27277 27794
s 64 192 27794
s 64 192 28312
s 192 192 28829
l 448 192 29346 29863
s 320 192 29863
l 64 192 30381 30898
s 192 192 30898
l 320 192 31415 31932
s 192 192 31932
l 192 192 32449 32967
s 320 192 32967
l 320 192 33484 34260
l 192 192 33484 34260
l 192 192 35553 36587
l 64 192 35553 36587
s 192 192 37622
s 320 192 38656
s 320 192 39691
s 448 192 40725
s 320 192 40725
s 192 192 41113
s 320 192 41113
s 192 192 41501
s 64 192 41501
l 64 192 41760 42536
l 192 192 41760 42536
l 320 192 41760 42536
s 448 192 42536
s 448 192 43053
s 320 192 43312
s 448 192 43570
l 448 192 43829 44346
s 192 192 44605
s 192 192 44863
l 64 192 45898 46415
s 192 192 46415
l 192 192 46932 47449
s 320 192 47449
l 320 192 47967 48484
s 448 192 48484
l 448 192 49001 49518
s 320 192 49518
l 64 192 50036 50553
l 192 192 50036 50553
l 192 192 50812 51199
s 320 192 51587
l 192 192 52105 52622
l 64 192 52105 52622
l 192 192 52881 53268
s 320 192 53656
l 320 192 54174 54691
l 192 192 54174 54691
l 448 192 54949 55337
s 320 192 55725
l 192 192 56243 56760
l 320 192 56243 56760
s 64 192 57018
s 64 192 57794
l 64 192 58312 58829
l 192 192 58312 58829
l 192 192 59087 59475
s 320 192 59863
l 64 192 60381 60898
l 192 192 60381 60898
l 192 192 61156 61544
s 320 192 61932
l 320 192 62449 62967
l 192 192 62449 62967
l 320 192 63225 63743
s 448 192 64001
l 448 192 64518 65036
l 320 192 65294 66070
l 192 192 65294 66070
l 192 192 66587 67105
l 64 192 66587 67105
l 192 192 67363 67751
s 320 192 68139
l 192 192 68656 69174
l 64 192 68656 69174
l 192 192 69432 69820
s 320 192 70208
l 320 192 70725 71243
l 192 192 70725 71243
l 448 192 71501 71889
s 320 192 72277
l 320 192 72794 73312
l 192 192 72794 73312
s 64 192 73570
s 64 192 74346
l 192 192 74863 75381
l 64 192 74863 75381
l 192 192 75639 76027
s 320 192 76415
l 192 192 76932 77449
l 64 192 76932 77449
l 192 192 77708 78096
s 320 192 78484
l 448 192 79001 79518
l 320 192 79001 79518
l 320 192 80036 80553
l 192 192 80036 80553
l 448 192 81070 82622
s 448 192 83139
s 320 192 83398
s 192 192 83656
s 320 192 83915
s 192 192 84174
s 64 192 84432
s 192 192 84691
s 64 192 84949
s 192 192 85208
s 64 192 85467
s 192 192 85725
s 320 192 85984
s 192 192 86243
s 320 192 86501
s 448 192 86760
s 320 192 87018
s 448 192 87277
s 320 192 87536
s 192 192 87794
s 320 192 88053
s 192 192 88312
s 64 192 88570
s 192 192 88829
s 64 192 89087
s 192 192 89475
s 320 192 89734
s 192 192 89993
s 320 192 90251
s 448 192 90510
s 320 192 90898
s 192 192 91156
s 64 192 91415
l 192 192 91803 92708
l 320 192 91803 92708
l 64 192 94389 95682
l 192 192 94389 95682
s 320 192 95682
s 192 192 96975
s 64 192 98268
